0 0.575721153846154 0.13822115384615385 0.4158653846153847 0.2764423076923077
0 0.575721153846154 0.13822115384615385 0.4158653846153847 0.2764423076923077
0 0.575721153846154 0.13822115384615385 0.4158653846153847 0.2764423076923077
0 0.575721153846154 0.13822115384615385 0.4158653846153847 0.2764423076923077
0 0.575721153846154 0.13822115384615385 0.4158653846153847 0.2764423076923077
0 0.8338942307692307 0.4382211538461539 0.3322115384615384 0.27644230769230776
0 0.5725716375319649 0.138797017188973 0.4182619333471508 0.277594034377946
0 0.5706792156668894 0.13914658095868124 0.4196845850783927 0.2782931619173625
0 0.3851269541372646 0.1858685698917541 0.4983711414776634 0.3717371397835082
0 0.575721153846154 0.13822115384615385 0.4158653846153847 0.2764423076923077
0 0.4218749999999999 0.859375 0.41586538461538475 0.2764423076923078
