0 0.49759615384615385 0.15504807692307693 0.502403846153846 0.3004807692307693
0 0.49759615384615385 0.15504807692307693 0.502403846153846 0.3004807692307693
0 0.49759615384615385 0.15504807692307693 0.502403846153846 0.3004807692307693
0 0.49759615384615385 0.15504807692307693 0.502403846153846 0.3004807692307693
0 0.7731971153846153 0.4550480769230769 0.45360576923076923 0.30048076923076933
0 0.4945964530341356 0.15507165449416513 0.505006872254107 0.30485357284178266
0 0.49279677151321527 0.15509836576163244 0.5065502405296579 0.3074661326731837
0 0.32588218100506683 0.22870787860018352 0.5853348783436243 0.45741575720036703
0 0.49759615384615385 0.15504807692307693 0.502403846153846 0.3004807692307693
0 0.5 0.8425480769230769 0.5024038461538463 0.3004807692307694
