0 0.6177884615384615 0.32572115384615385 0.3557692307692307 0.6298076923076923
0 0.6177884615384615 0.32572115384615385 0.3557692307692307 0.6298076923076923
0 0.6177884615384615 0.32572115384615385 0.3557692307692307 0.6298076923076923
0 0.6177884615384615 0.32572115384615385 0.3557692307692307 0.6298076923076923
0 0.869951923076923 0.6257211538461539 0.2600961538461538 0.6298076923076923
0 0.6162735688360421 0.3246893702697359 0.3612517233511329 0.6328883439821447
0 0.6153603316202936 0.3240766594820731 0.36452804038998343 0.6347136153380557
0 0.5153083112676196 0.32553545531644457 0.6230090378848485 0.6510709106328891
0 0.6177884615384615 0.32572115384615385 0.3557692307692307 0.6298076923076923
0 0.3798076923076923 0.6718749999999999 0.3557692307692308 0.6298076923076923
