0 0.4495192307692308 0.27403846153846156 0.6129807692307693 0.44951923076923084
0 0.4495192307692308 0.27403846153846156 0.6129807692307693 0.44951923076923084
0 0.4495192307692308 0.27403846153846156 0.6129807692307693 0.44951923076923084
0 0.4495192307692308 0.27403846153846156 0.6129807692307693 0.44951923076923084
0 0.721514423076923 0.5740384615384615 0.5569711538461538 0.4495192307692307
0 0.4475597343944387 0.2744770532961939 0.6168801743258644 0.4548513128968399
0 0.4463858999906231 0.2747484103415446 0.619197286888925 0.45803396148130276
0 0.36077490168862375 0.33834134615384615 0.7215498033772475 0.6766826923076923
0 0.4495192307692308 0.27403846153846156 0.6129807692307693 0.44951923076923084
0 0.5480769230769231 0.7235576923076923 0.6129807692307693 0.44951923076923095
